 -15 0 417 393 450 130
-15 0 652 402 450 -130
-15 0 543 438 240 0
-15 0 541 619 75 0
-30 0 422 637 75 0
-30 0 430 433 240 0
-30 0 262 370 450 130
-30 0 550 400 450 -130
-60 15 765 622 0 -75
-60 15 830 434 0 -300
-75 15 713 426 0 -300
-75 15 673 605 0 -75
45 15 968 552 75 0
45 15 397 663 0 75
15 45 600 598 10 10
15 45 761 640 10 -10
15 45 618 520 20 10
15 45 769 550 20 -10
15 45 749 224 75 0
15 60 604 479 10 10
15 60 759 518 10 -10
15 60 622 400 20 10
15 60 782 432 20 -10
0 60 716 406 20 -10
0 60 555 405 20 10
0 60 718 490 10 -10
0 60 560 491 10 10
45 60 689 485 10 10
45 60 817 603 10 -10
45 60 744 422 20 10
45 60 886 534 20 -10
45 60 365 278 0 75
60 60 469 238 0 75
-15 45 676 594 10 -10
-15 45 521 635 10 10
-15 45 505 550 20 10
-15 45 650 515 20 -10
-15 45 515 230 75 0
-30 45 364 253 75 0
-30 45 977 450 0 -75
-30 45 477 675 10 10
-30 45 621 585 10 -10
-30 45 442 594 20 10 
-30 45 584 517 20 -10
60 30 815 712 20 10
60 30 506 505 0 75
60 30 427 319 0 300
75 30 531 312 0 300
75 30 584 495 0 75
15 30 736 383 75 0
15 30 625 642 20 10
15 30 780 682 20 -10
15 30 602 732 10 10
-30 0 421 635 75 0
-30 0 427 432 240 0
-30 0 551 400 450 -130
-30 0 256 371 450 130
-60 0 305 373 450 -130
-60 0 832 548 0 -300
-60 0 788 757 0 -75
-15 15 535 503 75 0
-15 15 527 310 240 0
-15 15 649 268 450 -130
-15 15 379 258 450 130
-30 15 189 232 450 130
-30 15 531 267 450 -130
-30 15 395 307 240 0
-30 15 421 521 75 0
-30 15 1005 714 0 -75
-90 15 620 427 0 -300
-90 15 592 604 0 -75
-45 30 866 531 0 -75
-45 30 526 659 20 -10
-45 30 356 795 20 10
-45 30 580 726 10 -10
-60 30 455 697 20 -10
-60 30 531 751 10 -10
-60 30 761 499 0 -75
-75 30 671 484 0 -75
-90 30 588 479 0 -75
0 30 561 650 20 10
0 30 714 650 20 -10
0 30 633 375 75 0
15 30 738 381 75 0
15 30 623 640 20 10
15 30 784 681 20 -10
15 30 603 731 10 10
30 30 648 728 10 10
30 30 684 651 20 10
30 30 856 735 20 -10
30 30 852 400 75 0
30 30 304 582 0 75
45 30 408 535 0 75
-45 45 872 404 0 -75
-45 45 528 537 20 -10
-45 45 391 646 20 10
-45 45 584 596 10 -10
-45 45 448 721 10 10
-45 45 227 297 75 0
-60 45 540 610 10 -10
-60 45 338 723 20 10
-60 45 470 565 20 -10
-60 45 773 372 0 -75
-75 45 673 357 0 -75
15 45 619 519 20 10
15 45 750 225 75 0
15 45 769 554 20 -10
15 45 757 640 10 -10
15 45 601 599 10 10
30 45 646 596 10 10
30 45 799 681 10 -10
30 45 677 523 20 10
30 45 833 596 20 -10
30 45 303 471 0 75
45 45 400 417 0 75
45 45 891 655 20 -10
45 45 736 541 20 10
45 45 1041 283 75 0
45 45 833 732 10 -10
45 45 687 605 10 10