30 45 719 675 10 10
30 45 871 788 10 -10
30 45 764 604 20 10
30 45 916 708 20 -10
30 45 380 489 0 75
45 45 511 437 0 75
45 45 765 689 10 10
45 45 833 636 20 10
45 45 977 800 20 -10
45 45 510 437 0 75
60 45 631 409 0 75
60 45 811 719 10 10
60 45 898 688 20 10
75 45 961 765 20 10
75 45 854 770 10 10
75 45 741 410 0 75
-15 60 582 601 10 10
-15 60 737 553 10 -10
-15 60 552 517 20 10
-15 60 717 478 20 -10
-30 60 645 483 20 -10
-30 60 493 573 20 10
-30 60 548 645 10 10
-30 60 686 548 10 -10
-30 60 1061 373 0 -75
-45 60 934 299 0 -75
-45 60 529 698 10 10
-45 60 638 557 10 -10
-45 60 447 644 20 10
-45 60 574 508 20 -10
-60 60 512 555 20 -10
-60 60 418 730 20 10
-60 60 592 586 10 -10
0 60 784 574 10 -10
0 60 620 573 10 10
0 60 623 487 20 10
0 60 787 493 20 -10
15 60 854 530 20 -10
15 60 694 474 20 10
15 60 824 604 10 -10
15 60 667 554 10 10
30 60 718 555 10 10
30 60 856 653 10 -10
30 60 764 485 20 10
30 60 909 584 20 -10
45 60 952 660 20 -10
45 60 836 514 20 10
45 60 874 707 10 -10
45 60 763 566 10 10
60 60 807 595 10 10
60 60 896 564 20 10
60 60 974 750 20 -10
75 60 945 635 20 10
75 60 841 634 10 10
-15 0 449 447 450 130
-15 0 700 464 450 -130
-15 0 586 496 240 0
-15 0 584 687 75 0
-30 0 436 712 75 0
-30 0 440 491 240 0
-30 0 578 462 450 -130
-45 0 430 450 450 -130
-45 0 960 618 0 -300
-60 0 817 608 0 -300
-60 0 792 817 0 -75
-75 0 672 808 0 -75
-75 0 700 604 0 -300
-90 0 584 606 0 -300
0 0 592 460 450 130
0 0 819 460 450 -130
0 0 705 678 75 0
0 0 706 497 240 0
15 0 828 494 240 0
15 0 711 462 450 130
15 0 967 446 450 -130
15 0 824 685 75 0
30 0 977 711 75 0
30 0 980 484 240 0
30 0 834 457 450 130
45 0 992 440 450 130
45 0 457 610 0 300
60 0 597 600 0 300
60 0 626 796 0 75
75 0 742 794 0 75
75 0 716 598 0 300
-15 15 412 303 450 130
-15 15 703 323 450 -130
-15 15 590 562 75 0
-15 15 577 363 240 0
-30 15 406 349 240 0
-30 15 450 586 75 0
-30 15 562 320 450 -130
-45 15 388 303 450 -130
-45 15 966 502 0 -300
-45 15 891 696 0 -75
-60 15 776 669 0 -75
-60 15 820 489 0 -300
-75 15 702 487 0 -300
-75 15 677 664 0 -75
-90 15 569 680 0 -75
-90 15 581 489 0 -300
0 15 710 365 240 0
0 15 705 554 75 0
0 15 578 317 450 130
0 15 842 317 450 -130
15 15 1020 301 450 -130
15 15 717 321 450 130
15 15 826 566 75 0
15 15 847 361 240 0
30 15 1025 350 240 0
30 15 969 588 75 0
30 15 859 315 450 130
30 15 377 741 0 75
30 15 254 519 0 300
45 15 457 493 0 300
45 15 522 680 0 75
60 15 637 658 0 75
60 15 598 485 0 300
75 15 716 482 0 300
75 15 738 656 0 75
-15 30 547 772 20 10
-15 30 717 725 20 -10
-15 30 741 816 10 -10
-15 30 577 439 75 0
-30 30 434 461 75 0
-30 30 644 731 20 -10
-30 30 468 843 20 10
-30 30 687 815 10 -10
-30 30 1014 627 0 -75
-45 30 884 577 0 -75